{
  "spots": [
    {
      "id": 0,
      "x": 0,
      "y": 0,
      "demand": 0,
      "ready_time": 0,
      "depot_time": 1000000,
      "due_time": 1000000
    },
    {
      "id": 1,
      "x": -325.4788888637555,
      "y": 156.1485549583942,
      "demand": 32,
      "ready_time": 70,
      "depot_time": 24,
      "due_time": 12394
    },
    {
      "id": 2,
      "x": -384.96161649788564,
      "y": 464.3010334918839,
      "demand": 34,
      "ready_time": 2,
      "depot_time": 11,
      "due_time": 15442
    },
    {
      "id": 3,
      "x": 401.73541240903756,
      "y": -258.5099958029301,
      "demand": 17,
      "ready_time": 17,
      "depot_time": 19,
      "due_time": 7865
    },
    {
      "id": 4,
      "x": 436.8662267335509,
      "y": -415.92778412829745,
      "demand": 2,
      "ready_time": 38,
      "depot_time": 28,
      "due_time": 15323
    },
    {
      "id": 5,
      "x": -278.93057751588714,
      "y": -270.70887597002314,
      "demand": 8,
      "ready_time": 8,
      "depot_time": 39,
      "due_time": 22932
    },
    {
      "id": 6,
      "x": -198.25562403096464,
      "y": 363.33986471033165,
      "demand": 31,
      "ready_time": 17,
      "depot_time": 37,
      "due_time": 19579
    },
    {
      "id": 7,
      "x": 350.0172825740023,
      "y": -391.965168903095,
      "demand": 36,
      "ready_time": 48,
      "depot_time": 29,
      "due_time": 14258
    },
    {
      "id": 8,
      "x": -66.73384065907328,
      "y": -425.2055735695595,
      "demand": 13,
      "ready_time": 42,
      "depot_time": 33,
      "due_time": 21723
    },
    {
      "id": 9,
      "x": 61.346960284311855,
      "y": 255.83673271172358,
      "demand": 6,
      "ready_time": 40,
      "depot_time": 8,
      "due_time": 1244
    },
    {
      "id": 10,
      "x": 105.23394868720548,
      "y": 197.6859394382524,
      "demand": 21,
      "ready_time": 54,
      "depot_time": 30,
      "due_time": 19678
    },
    {
      "id": 11,
      "x": 139.07158787091157,
      "y": -64.5820930669042,
      "demand": 9,
      "ready_time": 60,
      "depot_time": 38,
      "due_time": 12020
    },
    {
      "id": 12,
      "x": -106.50154052147664,
      "y": 207.46394363225772,
      "demand": 4,
      "ready_time": 41,
      "depot_time": 23,
      "due_time": 16790
    },
    {
      "id": 13,
      "x": -251.5238335344805,
      "y": 176.04405469578222,
      "demand": 2,
      "ready_time": 32,
      "depot_time": 37,
      "due_time": 11856
    },
    {
      "id": 14,
      "x": -145.81121152811616,
      "y": -151.14290378769456,
      "demand": 34,
      "ready_time": 46,
      "depot_time": 21,
      "due_time": 15399
    },
    {
      "id": 15,
      "x": 28.355410929517543,
      "y": -244.28189185551886,
      "demand": 10,
      "ready_time": 59,
      "depot_time": 1,
      "due_time": 6830
    },
    {
      "id": 16,
      "x": -62.66633343030436,
      "y": 28.38983674879614,
      "demand": 13,
      "ready_time": 40,
      "depot_time": 19,
      "due_time": 6958
    },
    {
      "id": 17,
      "x": 272.4312519658183,
      "y": 165.16042831417798,
      "demand": 1,
      "ready_time": 56,
      "depot_time": 7,
      "due_time": 10620
    },
    {
      "id": 18,
      "x": -133.59686789679327,
      "y": -271.08918398489436,
      "demand": 39,
      "ready_time": 60,
      "depot_time": 2,
      "due_time": 16776
    },
    {
      "id": 19,
      "x": 274.3544439157648,
      "y": 208.44359678277578,
      "demand": 25,
      "ready_time": 36,
      "depot_time": 26,
      "due_time": 2783
    }
  ],
  "num_vehicles": 4,
  "capacity": 168.5,
  "time_matrix": [
    [
      0,
      36,
      60,
      47,
      60,
      38,
      41,
      52,
      43,
      26,
      22,
      15,
      23,
      30,
      21,
      24,
      6,
      31,
      30,
      34
    ],
    [
      36,
      0,
      31,
      83,
      95,
      42,
      24,
      86,
      63,
      39,
      43,
      51,
      22,
      7,
      35,
      53,
      29,
      59,
      46,
      60
    ],
    [
      60,
      31,
      0,
      106,
      120,
      74,
      21,
      112,
      94,
      49,
      55,
      74,
      37,
      31,
      66,
      82,
      54,
      72,
      77,
      70
    ],
    [
      47,
      83,
      106,
      0,
      16,
      68,
      86,
      14,
      49,
      61,
      54,
      32,
      68,
      78,
      55,
      37,
      54,
      44,
      53,
      48
    ],
    [
      60,
      95,
      120,
      16,
      0,
      73,
      100,
      9,
      50,
      76,
      69,
      46,
      82,
      90,
      64,
      44,
      66,
      60,
      58,
      64
    ],
    [
      38,
      42,
      74,
      68,
      73,
      0,
      63,
      64,
      26,
      62,
      60,
      46,
      50,
      44,
      17,
      30,
      36,
      70,
      14,
      73
    ],
    [
      41,
      24,
      21,
      86,
      100,
      63,
      0,
      93,
      79,
      28,
      34,
      54,
      18,
      19,
      51,
      64,
      36,
      51,
      63,
      49
    ],
    [
      52,
      86,
      112,
      14,
      9,
      64,
      93,
      0,
      41,
      70,
      63,
      38,
      75,
      82,
      55,
      35,
      58,
      56,
      49,
      60
    ],
    [
      43,
      63,
      94,
      49,
      50,
      26,
      79,
      41,
      0,
      69,
      64,
      41,
      63,
      62,
      28,
      20,
      45,
      68,
      16,
      71
    ],
    [
      26,
      39,
      49,
      61,
      76,
      62,
      28,
      70,
      69,
      0,
      7,
      32,
      17,
      32,
      45,
      50,
      25,
      22,
      56,
      21
    ],
    [
      22,
      43,
      55,
      54,
      69,
      60,
      34,
      63,
      64,
      7,
      0,
      26,
      21,
      35,
      42,
      44,
      23,
      17,
      52,
      16
    ],
    [
      15,
      51,
      74,
      32,
      46,
      46,
      54,
      38,
      41,
      32,
      26,
      0,
      36,
      45,
      29,
      21,
      22,
      26,
      34,
      30
    ],
    [
      23,
      22,
      37,
      68,
      82,
      50,
      18,
      75,
      63,
      17,
      21,
      36,
      0,
      14,
      36,
      47,
      18,
      38,
      47,
      38
    ],
    [
      30,
      7,
      31,
      78,
      90,
      44,
      19,
      82,
      62,
      32,
      35,
      45,
      14,
      0,
      34,
      50,
      23,
      52,
      46,
      52
    ],
    [
      21,
      35,
      66,
      55,
      64,
      17,
      51,
      55,
      28,
      45,
      42,
      29,
      36,
      34,
      0,
      19,
      19,
      52,
      12,
      55
    ],
    [
      24,
      53,
      82,
      37,
      44,
      30,
      64,
      35,
      20,
      50,
      44,
      21,
      47,
      50,
      19,
      0,
      28,
      47,
      16,
      51
    ],
    [
      6,
      29,
      54,
      54,
      66,
      36,
      36,
      58,
      45,
      25,
      23,
      22,
      18,
      23,
      19,
      28,
      0,
      36,
      30,
      38
    ],
    [
      31,
      59,
      72,
      44,
      60,
      70,
      51,
      56,
      68,
      22,
      17,
      26,
      38,
      52,
      52,
      47,
      36,
      0,
      59,
      4
    ],
    [
      30,
      46,
      77,
      53,
      58,
      14,
      63,
      49,
      16,
      56,
      52,
      34,
      47,
      46,
      12,
      16,
      30,
      59,
      0,
      62
    ],
    [
      34,
      60,
      70,
      48,
      64,
      73,
      49,
      60,
      71,
      21,
      16,
      30,
      38,
      52,
      55,
      51,
      38,
      4,
      62,
      0
    ]
  ]
}